Loci 4. P. Ι

. 87, 297, 220, 370, 514, 281, 359, 524, 764, 945

Ρ444.

444, 444, 444, 444, 9,
34, 211, 1191, 911,
231,409,188,224

919 44 (4 44
44,444,444,444,444, 44,44,444
444, 444, 444, 991

(4444 (4444
444,444,444, 1992, 44, 44,444,444,4444,
1, 444 444, 444, 444, 4444

4444 4444, 444 4444,

44 4444, 444 44 44
4 (44 44 (4 44

Pseud. 4 91, 99, 191, 199,199, 11, 94, 91, 111, 199,

Rud.

9999.

4 994, 999, 999, 1999, 444, 444, 444,’4444,

9 444, 919, 949, 999,

9 411, 4444, 4444 4
1 (44444 9 (4444)
4299, 444, 444, 444, 4 9, 199, 444, 4444
41941, 991, 939, 444

4 444, 444, 4444, 49

941, 219, 999, 999,

291, 99, 199, 1299,l

221

1250

(21 Π.) ἶ (4 94
249 299 281, 333, 91, 539,581,591,109,
519, 117, 209 693, 773
542, 434 9

(10 Π.) 9 (6 94

 

