ffl--n-——u-n ——-·---

Cas.

Mero.

Loci 3 P.

· 4

190 215, 306, 356 956

' 666 88, 888, 885, 488 8
488, 584, 888, 884,

ῑ 8888, 88588858, 585

(88 88.) (8 1.)

ξ 854, 888, 66, 848848, 888, 888, 488, 588

8888, 848

(8 88.) (4 88.)
3612, 461, 466, 548, 488
,888, 666, 664, 626,
46, 58485, 58, 88, 166

(1411.) (8 8.)
888, 88, 888, 888, 632, 626, 888
858, 488, 888, 588, 888

(88 88.) (8 88.)
³ 164, 488, 888, 848, 888, 8888, 8888, 8888
8888, 8888, 8888, 858,
,888, 366, 666, 464,
8888, 588, 8888, 58,
888, 448, 8888, 458,,
8888, 8888 · ,
. (2211) 3 (411.)
(888, 888, 626, 488, 8 888, 848, 888, 888,
888, 588, 88, 458, 588, ι 858, 888
454, 888 8

(1111.) 8 (8 88)
88, 8884, 8888, 8888, 848, 8,88 888 ,884
448, 888, 8888, 8881884888, 8844, 8888

1641, 656

(88 88) 3 (8 ll.)

8 1

 

